3.287769273419202665e-01
4.281730326978214901e-02
3.927695801377219936e-02
6.741552499513916996e-02
6.766513819074822245e-02
1.511652112725549446e-01
7.859256149555852999e-02
4.131779992393972041e-03
1.290267569317916363e-01
2.470658873351463947e-02
5.030715443387327040e-02
5.371210486998285322e-02
6.663445746098414779e-02
6.977291403326095487e-02
2.115182450909874196e-02
4.802163895704613661e-01
1.814972031671411440e-02
4.024938531439636868e-02
1.025504133094465309e-01
1.304195781845644830e-02
1.399314118953714180e-02
1.415847185748099757e-01
7.886080726702161814e-02
1.040669492486686748e-01
6.859510809582569472e-03
8.724681287621575618e-03
3.203830933297489858e-02
2.501851094531076236e-01
1.765045545107292446e-02
5.734841100460998931e-01
8.543000315474799655e-02
1.679581290651311481e-02
7.020031465482494057e-03
2.058991222821188530e-02
2.110154000288070597e-01
6.987061967540220131e-02
2.055275531049920446e-01
2.732776999163812892e-01
2.431986685739139994e-02
2.571996311373118266e-02
6.977182391590344701e-02
2.853376000757812739e-02
1.115799806201942662e-02
1.068141607265852000e-01
6.794611160764785218e-02
1.090673595381073807e-01
1.746167007784169695e-02
5.933559420217214032e-03
4.776622949130111817e-02
1.144476892111821353e+00
6.105392209260795955e-02
1.206181949173859153e-01
2.841747989520208503e-02
1.231042383614675412e-01
6.696707077064188718e-02
7.852434221367896386e-03
7.268838024423487920e-02
5.448706836380824703e-02
1.015017529810406521e-01
5.728826631801781782e-02
2.879376495097415653e-02
2.102438421508460303e-02
4.252181962356296058e-03
1.253791634240739361e+00
7.407322209705838878e-01
6.033085043292889527e-01
5.711023168421698326e-01
7.279918807544681902e-01
6.937348499489188747e-01
1.442416116392643000e+00
2.175750197650928364e+00
1.163894540677635314e+00
1.127357678153640741e+00
8.769582891349260168e-01
1.203311463202535014e+00
5.617630429716015117e-01
8.652212195101464109e-01
7.123720585602151267e-01
9.385461663004169841e-01
3.841451153602769564e-01
8.807822900044154357e-01
2.223445351744870457e+00
1.178447242087059310e+00
9.760914715622117654e-01
5.900322736991205907e-01
5.304284879731682167e-01
6.588203261985324799e-01
1.048251915601181583e+00
1.569967531573894126e+00
9.389985727710838948e-01
6.123300078474140928e-01
8.992033145265749816e-01
7.084170378307190763e-01
9.664338908262629646e-01
7.747152999207321811e-01
1.361378810707540410e+00
1.126131425964044919e+00
5.987827847839810591e-01
1.072125219131428109e+00
1.308005307681870955e+00
1.665734621179354225e+00
9.046591681973973342e-01
8.135077637769057013e-01
1.289235042317070423e+00
4.210482637584493371e-01
8.208031620721822907e-01
8.691054197942393866e-01
1.147179267592770779e+00
6.839595108796567846e-01
5.211809940925938855e-01
1.269701642430689059e+00
4.781028643165747272e-01
1.069666277664367504e+00
5.431827864408074191e-01
4.244921303383734079e-01
1.212660096891482464e+00
1.511553825439983179e+00
6.904515931984176458e-01
1.215407241690061202e+00
8.876309421802052180e-01
7.842734739547552181e-01
7.875236790362786232e-01
6.407248379627343837e-01
1.051451380355081566e+00
1.568807161859546051e+00
3.025409737364112561e-01
