3.925090610837174587e+00
2.350071791300118118e+00
3.992118570583913506e+00
2.678555053557584387e+00
4.962121857398857472e+00
1.992549185822873881e+00
2.031968232117859152e+00
2.508053915412378654e+00
3.386128231797332688e+00
2.099009531675462448e+00
1.678963875571186204e+00
2.131425559191044705e+00
2.507221392040530628e+00
2.339007556343108529e+00
2.058925770174136805e+00
2.120287518899845125e+00
2.036725074088840515e+00
4.561978393183220959e+00
2.525333591437586733e+00
2.931861905754274300e+00
2.004539120733585200e+00
3.579326566141451504e+00
3.175678990673293178e+00
2.724196559107484372e+00
2.193635225046954851e+00
1.758681062008988549e+00
3.736293152768365822e+00
1.661194155450837595e+00
4.692454385303955533e+00
1.662219304799142261e+00
3.412014681006249717e+00
2.601193082357722286e+00
2.709990810862319854e+00
4.223335938097863007e+00
3.087975485245560758e+00
4.044497314826649870e+00
2.355022749396155302e+00
2.498718365533008967e+00
3.344227895151959729e+00
1.620734480764121299e+00
1.569632214183280805e+00
4.519217128499261271e+00
2.013262960225621789e+00
2.948991753540750160e+00
5.005286526227797239e+00
3.549050143049324646e+00
3.508366347385538209e+00
1.930738586641432608e+00
2.177934894003825672e+00
3.545348351275176224e+00
2.119970710549174964e+00
3.613636340891213550e+00
3.315377125979601658e+00
2.075045291395623437e+00
3.319197830925072257e+00
2.327290419461516269e+00
2.187733642170330839e+00
3.319300272092308379e+00
3.524089416950198839e+00
3.493424513226839334e+00
2.301521280663337166e+00
2.398735484691071118e+00
4.257627360595223287e+00
2.422230787111458561e+00
4.452530638052620837e+00
1.944265331632635041e+00
3.305996391407537427e+00
2.088294228717678447e+00
4.376593888860876191e+00
3.287415737128211557e+00
1.824564151794971556e+00
4.450996362353546232e+00
2.683508024955092885e+00
4.092604658530255790e+00
3.432852974763548115e+00
4.233522378767712091e+00
1.815959972870134109e+00
4.272319370787325710e+00
2.040999898578456762e+00
2.320164185583233785e+00
3.201550443694344494e+00
3.649356430406773377e+00
3.560175901147772048e+00
1.650072030693063629e+00
1.776075738361312606e+00
2.865961783741376667e+00
5.867990585606121634e+00
1.406358942641721566e+00
4.820142376091123282e+00
2.319396949061667712e+00
1.968642326074147686e+00
1.936002788719334511e+00
2.274921392954117660e+00
2.057360102629800291e+00
4.030758856516012401e+00
2.086063403100438585e+00
2.002432824734125649e+00
3.339367440089928252e+00
3.382438101534517294e+00
4.056842874757974116e+00
2.150322411416567991e+00
4.439250079965384010e+00
4.061082068013417867e+00
3.585798516665711588e+00
2.874722682262470741e+00
1.505407335090655163e+00
2.989457729379860762e+00
1.883211317108247407e+00
2.417433807388648770e+00
3.193714906202668402e+00
2.187694200041365278e+00
3.727666440425386973e+00
1.794676679368369943e+00
3.579734678493017075e+00
3.805173636166665041e+00
5.229761851045855892e+00
4.451007170775043598e+00
4.326903087418343397e+00
2.272952547820568547e+00
2.957421474602145217e+00
2.028867928431313583e+00
2.622489529189861113e+00
1.953300442514618096e+00
2.421040229777119190e+00
1.659212214456746715e+00
3.831776434509494678e+00
3.288465471036234877e+00
4.424761630088383413e+00
3.657334287940940065e+00
2.331883999504133165e+00
1.812598681793160971e+00
2.338226500270556674e+00
1.812899580859661519e+00
4.586721422050921149e+00
2.380745404927962383e+00
4.304649648050325794e+00
4.107597998922810412e+00
2.670068998258137594e+00
4.091428174139072560e+00
3.653758876271777645e+00
4.169235157754487275e+00
2.764196360229798088e+00
3.373860569029512479e+00
4.089348179633794267e+00
4.491628716550999378e+00
2.987912972923384203e+00
4.440083362563813196e+00
4.372188367887227756e+00
2.000171877536703668e+00
2.706447433047791229e+00
3.231995304991125195e+00
2.894596668868789191e+00
3.776249117362048047e+00
3.934182087246939297e+00
3.687810677585343644e+00
2.240805752469983592e+00
2.103903386275105980e+00
2.099302867135919737e+00
1.443394949191847854e+00
1.675429568149586990e+00
1.542508361441153442e+00
2.554933955209906404e+00
2.887654713572951781e+00
2.248329040592210060e+00
2.086880065575870802e+00
3.860619608354605603e+00
3.767550481778511262e+00
3.006154064957800465e+00
3.593710456840924383e+00
3.087059240011458705e+00
4.794843978838683185e+00
2.729070784319882925e+00
1.470833140973018205e+00
3.243602905270313475e+00
4.373242029283436416e+00
2.017010189981449209e+00
4.782311443599805756e+00
3.384221790157184717e+00
2.133045756984568886e+00
3.028546858185284130e+00
3.954664130884011808e+00
3.760204682518050401e+00
2.861001721263705999e+00
2.457795132947440564e+00
2.564514533421416775e+00
2.139395590264653535e+00
3.085680394028391227e+00
3.297959573870360650e+00
2.814295225046076432e+00
1.520254907748805895e+00
2.550657308639710408e+00
4.682466989001673241e+00
2.578522927786821128e+00
1.598907278844135860e+00
2.007470965874624369e+00
1.968619706958876225e+00
3.936660651919270837e+00
3.695054178311612425e+00
2.667815073515131807e+00
3.808494095089369758e+00
2.077231537321419630e+00
1.503784160412680926e+00
1.740133701526116239e+00
2.749708383204572559e+00
3.430602964131652222e+00
2.202343972671381600e+00
3.344640824553120950e+00
2.004334272891429514e+00
2.340119474508885578e+00
2.017627288200446678e+00
3.054868047825806787e+00
2.095007211084237930e+00
2.656066414248340557e+00
2.851242800549246059e+00
1.583652242883013317e+00
2.304299474652043322e+00
1.750788890303281997e+00
2.270866508038403619e+00
1.804498503581005941e+00
2.059126162776650393e+00
3.700741492210473549e+00
4.253823034392137714e+00
3.485495055330277037e+00
2.316912561487468825e+00
2.438549112316763079e+00
3.523713855103667303e+00
3.560246471802033685e+00
2.990426363817926703e+00
1.892719941738095768e+00
3.509000359647552081e+00
2.831168771780860016e+00
1.783982736810809655e+00
2.912579734646487228e+00
2.806729079727722453e+00
1.656902124950226041e+00
2.376443491483775539e+00
2.138049673198600953e+00
2.597558619336690189e+00
3.212176151499831267e+00
4.897814421179838895e+00
3.235522436293616355e+00
1.634877492532519572e+00
2.793419422290867704e+00
3.632772032633169168e+00
3.207139533921961050e+00
3.363383520097129598e+00
2.904157280629588112e+00
2.319732484929041938e+00
3.338455568022413278e+00
2.086459391000096364e+00
